4189000
3182922
3792062
4409848
3418498
3424414
3542066
3060089
2872919
2816010
4501846
4141737
3208357
2652253
4125731
2849709
3960606
3828808
2913394
3439892
4130503
4290587
3707033
4396383
4156093
3293634
4125726
3045008
4264973
1687195
4411476
4349982
4125734
2722773
2760871
2774704
3091791
2953918
2860897
3049407
3531176
2258193
3491199
3428110
3102680
4182915
4033644
3580882
4084843
3829668
4014278
4236423
3223037
3567119
3312891
3596310
2828979
2614521
4322841
4047469
3966770
2932691
3316722
2758371
4017677
2754444
3945903
4227906
2267700
3528673
4265265
3316730
3176264
4047622
4389343
4079959
3531909
3820929
3611949
3945918
3517600
3506194
3782717
4188996
4183995
3777519
3999940
3690479
3558407
3942054
3843078
4132091
3184950
3893797
3760612
2908618
2950672
3146978
3553949
2570366
2851644
2849712
4105296
4276917
4148248
3234240
3337254
3983682
3720734
3016146
2978091
3422224
4101831
4031500
3595240
3758283
2875242
3646404
4231358
3882224
3418851
3675891
2830187
3472694
3251586
4014284
194173
3013804
4265304
3810856
4163882
3283509
4180099
3025096
4022239
4390264
3914950
4189921
3749960
3584254
3494197
4282793
4052807
1828747
4413792
3154393
3013726
3433926
3556044
1865092
2827344
4358225
3960493
3805324
3694812
4150800
4202269
2822761
3977182
3508552
3436780
3016264
2649808
3229533
2945029
4287497
3071316
3531729
3477001
3489533
3861729
3962345
2947515
2906412
4028860
3905876
3178638
3681748
555852
3759040
4117722
3909108
4431475
3493474
3013027
2666223
3621391
3653908
3983226
3979775
3974152
3538555
4325849
3795025
3561704
3121875
2228376
3234192
3773500
3373263
3979129
2759080
2793902
4389224
3143904
3561343
3283893
2996939
3127811
3044146
2967544
4203951
3588588
3722150
4015687
3936288
4036646
3634024
3681705
3759662
3197197
4396366
2716717
3315547
3380553
3675828
3469622
2911302
3971407
3345573
4492051
3271738
3782461
3912167
3622599
3503394
3382166
3111230
4026737
1181816
3509369
2716311
3369667
3176801
3988870
3539862
3714263
3045515
2150625
3564869
2878948
2712992
3790287
4256500
3993954
4193131
2884164
3518112
4103158
2716718
3167632
2773716
4070576
3648882
2978325
1868777
4159644
3218055
4506601
4024194
2762604
2906731
4188985
3538786
4256495
3494176
3606321
2651178
2994767
4079953
2686490
2982257
3093925
4384807
4349971
2614481
2758758
3640961
2745409
4046919
3239371
2959091
4403934
2683816
4154455
3888471
3744542
3858665
3880056
4021518
3383540
3220687
3237078
4255034
2690483
3570531
3568060
2938476
2780990
2826652
3516509
2736651
3441533
3480472
4394507
3653121
3237022
3778871
3285183
3257277
3591667
3978720
3012054
3320745
3261715
2686511
3176278
3601063
3098582
4022089
1524995
4149353
4349979
3595712
3994249
3777873
2682515
4299378
4082711
3830748
3309143
2860487
4408379
4379935
3240668
3277773
3916653
4384351
4507001
2778706
3734826
3174057
3098581
3387783
3499766
4290634
3641819
2793016
3029238
3103581
3245618
4301063
3591657
2879143
2797941
4015686
4299603
3805328
1947986
2156193
4302131
3316734
2447780
3395659
4474415
3125343
3430857
3289665
3430701
1681501
3046836
4450212
4019850
4143937
3046137
3249430
3096321
3991667
4054101
3504578
4019982
3840018
2811157
4139797
4383972
1626102
3039570
3423346
3592840
2804597
3271737
3407172
4187570
4227552
3376139
2793532
3797725
4223498
3258126
3423407
3749947
3584246
4124799
2987840
3367521
4072689
4234511
2964295
1876226
4424335
3141626
2938108
3941949
2984239
3804956
3228547
2614494
3028070
4398868
4338609
2386806
2834640
3288064
2767501
4230643
3895788
4071796
4477977
3113925
4300494
4227549
4039310
2292177
3945908
3202559
3837162
3084841
3642220
3872036
3904194
3567860
3094536
3699649
3505158
2922888
4349985
3877280
2570425
2625352
3241707
3586169
3852754
3600050
4202796
3541187
3081823
3900256
4032327
2888582
4374917
2633351
3923807
2645429
2390764
2025591
1904105
3965424
3004843
4109838
3855785
2953919
2948434
4206460
3857359
4392472
4012837
3921104
3714598
4468387
2811975
4030873
3806329
3420874
3679572
3136480
3866099
3956921
4224547
4264155
3043056
4153654
2901998
3928084
3536680
4415485
4176082
3859635
3297630
4484429
3916659
4192601
4506163
4179730
4086339
4084842
2954807
2816933
2742444
4123105
3368942
4335217
4200280
2412879
4007652
3182174
3479177
4243190
3527578
3323815
3997365
4216004
4142463
2718504
3439251
2747018
4349871
4227786
4421769
4256504
2225505
1079796
4162568
3675825
3083325
3140961
3566523
2958630
4463685
3877357
2529236
3506577
3205853
4011858
4182303
4390265
4429244
3544604
3734509
2238868
1083422
3296614
3787806
3660268
3377639
3351161
3316725
3585124
3672203
4501848
4158351
4094399
2682933
3430228
3930595
3532163
3023778
3798973
3093355
4282581
4029366
3183015
3396647
3052211
3050605
3630090
3861712
4225507
2958847
4188273
3573791
3412976
2881370
4053738
3942467
3750573
3365017
1681463
507879
3733980
1201152
2734923
4070642
3850534
3200335
2824494
4389566
3835400
4030454
3944460
2947482
3525554
2873438
3383259
3922161
4339119
2817675
3020298
3522882
3392812
4307279
3038647
3063577
4166121
4274058
3223614
2722766
2773251
3414524
3832668
3508799
2948433
3952858
4139317
4383193
3734587
3978070
3908613
3391694
2740864
1920535
3286863
1450263
2801467
3842852
4063776
3051814
3660221
3646403
3541991
4063958
3419181
3013798
3480910
3046972
3986220
3203147
4231158
3390401
3247252
4482078
4496359
3764107
4252041
4189995
3650350
3351458
3706772
3334569
3655581
4350412
3541133
4117987
3687393
3531128
4117761
526379
2701929
2806833
2806347
3432468
4482044
3547897
2862395
2211323
3531887
3989654
3355778
4117643
3109344
3526409
4328042
4033805
4117960
4182858
1657082
3397934
3088709
3302876
2625439
2424297
4309511
3510383
3767735
3273819
2777383
4247387
2883937
3205876
3665942
3554846
4431810
3055082
3091656
3111415
3945295
4309670
2887843
3159967
3902923
3691662
2988416
4471567
4307195
3286449
2957407
4085711
4102725
2646669
4083117
3010060
2667352
3464894
3873999
3411107
3900766
3727946
3530509
2914729
3762788
4302698
3534352
3635989
3926958
2847553
3280254
4313704
3622881
4333366
2808987
1665458
2978106
4230785
3342885
3552699
4163878
3853219
3085482
2965117
4169501
3537754
3868055
2830847
3912523
3412977
3669370
2905101
2915982
3785415
4031492
2373899
3426419
3808542
2879560
3024400
3260086
3140475
4039533
4136769
4329988
4283144
3499792
2652828
3832905
3441639
2887675
2909933
2798614
4349977
3808366
2724396
4023177
3314612
4023889
4287242
3527566
3102677
4432663
3204248
3031560
2860806
2773724
2871423
3814354
4327736
3607738
3206021
3705172
3446491
3486916
4205851
3234305
3759380
3542258
3313957
4259334
3861733
3914767
3995681
2931697
3842317
3569869
2238998
3282153
3636032
2718613
4053992
3411782
3157466
4232683
4337517
3092057
3819743
3766105
2982801
3124472
4310746
4345262
3281063
3285042
2822554
2440737
4100094
2774163
3692545
3667141
1906808
3861718
3735596
2213610
2735946
3440571
3533837
3176445
2880599
3772929
3661497
3680447
3433898
4109698
2932980
3084268
1929158
3014944
3040747
4128602
4100111
3374823
3229182
2291030
2778640
3936929
4015845
3118115
2921355
3380899
3464772
3514748
1852117
3196586
3514283
4067143
2600628
3446379
4091833
4327309
1852407
3573230
3432596
4244910
3258181
3408468
4032983
1669759
4180266
3140806
2760858
3492117
2861645
3321526
3783193
549070
4419667
2808052
3047152
3865000
3765618
2810308
3828869
3083348
3190775
4056689
3485243
2563020
3564858
3020224
3245893
3395855
2639019
3990583
2901513
3167374
3325844
3836231
2807913
3069023
3889831
3142509
2930282
4467619
4102923
2993749
4348417
3424117
3738950
423137
3166778
4259124
3030586
3858276
4422302
3823093
3519869
2040164
3447661
553976
3465109
1976621
3720893
4333368
4048463
4131190
3847322
4118132
4216940
3013787
3608648
4167240
3423423
2820552
3830446
2903591
2700086
3544664
3596254
3199918
3679596
3834312
3930695
4015685
4423236
4212660
4385273
4133814
3017101
3663788
4422549
2865516
2887807
2527298
1242200
3404884
3622581
2582614
3159447
4426952
4147324
4422864
4057467
2518918
3277494
3675011
3055232
4046019
4128735
3013725
3843729
4290636
3739743
2731527
2747914
3633942
2951910
3395311
3145544
3248188
4003245
3167627
3851868
3371593
2626248
4383955
3792347
449700
2538588
4355292
3167332
521502
3654371
3981673
3200224
2689766
2935402
1805753
4079319
2529318
3852742
4150777
3871444
4199499
3540783
4325538
2762074
4276963
3247139
4507759
4352707
4111844
514267
3351456
3289662
459218
3966117
3840573
3374746
3777014
2688233
3993969
3105394
3721204
2315641
3368217
3146417
4127798
4454162
4065059
3565451
3069099
3012184
2965751
3728325
3434335
3378073
4242836
3091788
2651582
2761396
3426416
3167797
3156760
4492089
4453845
4488186
3482177
2712093
3521389
2757032
4237393
3417401
3166874
3778541
4311434
2824116
3977945
3397307
3851248
2753780
3848634
4049470
3733962
2935449
2839517
3627596
3546614
3288056
4128672
3013696
4123941
3964310
2442102
3971484
2258283
3691232
4191387
3949995
4463922
4280217
4258992
3383706
4227305
2447720
4272306
3853187
3576254
3806167
4019981
3494678
4331445
4357208
3424577
3408499
2671525
4504130
3102080
2903609
3705404
3720665
2892078
4180722
2670839
2677216
4489257
3317797
3519901
4066275
2952630
3956540
3084552
4489161
3589417
4005672
4149362
3230909
2954122
1175843
4264142
3823441
2919420
3365036
3718631
4152154
3585428
4158125
4006916
4102909
4288348
3253204
2649120
3287505
3536905
2835947
4103865
2766642
2822853
3170587
3804505
2447752
4211693
3395875
3350932
3170272
3577862
1945084
3650004
4119474
4225696
2602769
4409834
2645819
4342031
3349290
328459
3944740
4238996
4187518
3130648
2447758
1712231
2811000
3965113
3397410
3535375
3668225
3943915
3529520
3934374
3833216
3454877
4130549
2809957
3585864
1539025
3262128
3760640
4286194
2999534
4294326
3409208
4386088
3483225
4227551
2852516
3965117
3637358
4489650
3393671
3958131
4222937
2862717
4332150
3261822
2118424
3882790
2655291
3316728
2982094
4084995
4445283
3708726
2800214
2724494
2859402
3051332
3493479
4116299
4380928
4256493
3812168
4300490
3355810
3586722
4030113
3750612
3536619
1682017
3771943
2374696
3855176
3084755
3382630
4153070
3351321
4199512
3050435
3131398
3759009
4172601
3210781
3118812
3202804
4493637
3436753
4508144
3316729
3337398
3973304
2806276
4287336
3208817
3247910
2794268
3639281
4338534
4380450
3714559
3937041
3871817
3089618
3717798
2447879
3020973
3432516
2829112
4028888
3536430
4280038
3352951
4114130
2896362
3433687
2696463
3515627
3581856
2213081
2447217
3181483
2693437
3779192
3967975
3390409
3261713
2367054
2811158
4008361
4130472
4022210
1832223
2559891
2443143
4506511
4016569
2584000
3787740
2976990
3489540
1636661
3617342
3658272
4495292
3161067
2947710
4041454
2238828
2716310
3759844
4447944
3355122
3107797
3128521
3445822
4439739
2800044
3982986
3536783
4357829
2375035
1929074
3377673
3013103
2843617
2516511
2241850
2811019
4048470
2596764
4043921
2062474
4434539
4203142
4003303
3630210
3608065
3507220
3510020
3130790
4408443
3202631
2896089
2891790
4080259
3031555
4342517
3194821
3499507
4172902
3008709
3173403
3572045
4385826
3475652
3782555
2275151
3442911
2241885
3667171
4477319
3123325
3862766
2758878
2904496
4259810
3351149
4076015
2576351
3261159
4029809
4017328
3033704
3155561
4424403
4306243
4236883
3637893
2944849
2808209
2443805
2529246
2956542
3350448
3355674
3237631
3534623
3484106
3571921
2950081
3511201
4123079
2925830
3001897
3443413
3389016
2656895
3212819
2198942
2656902
2848867
1821315
4085614
3481569
3849569
2920597
4046973
3904723
3565951
2988408
3983041
3764211
3721983
3637346
3709680
3653947
3682539
3323298
4267648
3594161
3584018
3897507
3937319
4263762
4098950
4195823
3040305
4265081
3582634
3443746
3219674
3625171
3505963
3063153
3282907
4288259
3208816
3412811
3530045
3382120
3080363
4023402
3158067
2000904
3149565
3459984
3084271
4054197
4427947
4277642
4321545
3293924
3171114
2906285
3937397
3640900
4363627
3270058
2408934
546003
3102074
2784748
3900522
3460780
2955615
2909932
3327692
3245126
3046128
3899080
2646869
4424400
3031500
1796955
2974636
3726620
3721950
2651748
3691264
4232538
1769479
2602983
4042060
3842349
4323818
2727493
3547856
3915616
3401452
2692000
3518317
4204854
4180938
3287473
3787748
3978437
3228966
2993708
4177430
3227527
4498307
3038642
3240622
3945913
3217969
4453069
2892937
3691455
3821381
3192867
3829899
3469522
3604775
2808259
3956870
2977078
3405991
3426930
3961350
3771901
2857649
2259375
3189964
3271991
4411797
3506594
3873232
4055789
2688524
3033794
3383672
3212805
3977146
4162614
4104784
4315157
4383314
4129440
2246258
2684660
4226972
3760866
3053220
3962329
3909086
2703866
3405342
2996947
3928194
3281816
3109338
4422585
3540078
4009800
4112855
2723914
2684550
2742445
2639296
3765199
2813229
2683874
4383758
4503866
4099015
3749201
4436068
3020974
4065057
3033788
2845665
3095362
4109617
3963178
2757881
4325540
3940904
4001062
4340047
4314525
3614511
3716960
3095339
4030455
3826670
3329661
4490443
4015811
4392608
3369863
4439496
4497387
3920956
4084841
3613160
3806659
3798917
3176272
2217596
3870243
2821930
3069352
3395613
3164167
4014579
4289026
2760876
4061923
2739297
3541238
3518106
3541579
3310773
2568020
2935367
2483717
3405501
4184557
4393875
2816025
3577899
4107347
2780454
3411088
3938834
3584717
3856412
3291817
4347970
3040754
3885708
4176122
3289391
3377633
2724708
3556083
3563978
2705386
4222900
4383155
3261843
3750636
3044170
3041785
4467101
4016284
2918549
2565686
3039405
3215182
2909213
3738564
4072712
3257584
4263075
3524146
522751
3499474
2989938
2861172
3857490
2906421
4203799
2442833
4232669
4381292
3533183
4263409
2770568
4150408
3279341
3118180
4490288
3343102
3331754
3539929
4063703
3156643
4489246
3820433
3572427
1295590
3553982
3224786
521501
3091328
3733145
4040127
3841051
3006384
1326018
3879621
4094932
2688491
4215862
4342020
3406584
3362520
2954851
3189186
4071339
1803769
3022391
4206527
3900531
3097347
4215118
4128745
3950857
1634993
4182543
4035269
3307315
3316724
3197595
3137166
3984080
2492731
3653931
3423383
4252003
2987880
3516866
3922677
2805419
2488400
3834447
3599948
3252264
4164521
3771960
2556022
4050258
2977980
3940038
2347368
3340179
3864812
4303425
3668526
3226478
3072329
4227742
3691715
3941061
3399792
4372256
4150361
4222230
3739738
2731776
3964965
3279558
4349081
3150237
4333291
4322573
3379032
3307695
3164609
3134426
3084780
4208740
3164635
3085746
3852671
4032925
3792029
3342233
3046064
3032323
3882789
4429661
1570346
4224352
4356034
3458105
3471022
4358660
3352089
4493645
3841204
4261239
3542633
3278457
3090044
3727935
3413353
3317954
3713040
4096215
2743698
3780530
3877021
3472056
3248649
3109587
3487989
3199747
4138037
2172195
3500701
4051688
4256932
4235149
3413418
4340173
3704963
4355367
3051323
3751847
3731291
4403307
3650016
4121297
3601958
2686544
3808336
4199548
3110179
3218828
4144737
3346213
2790875
2885373
1766345
2796172
4151196
3979033
3871550
3591405
3419706
3993965
2948633
3374805
2938121
4101711
4212306
2958119
3681727
4313942
3985710
4013686
2731220
4492642
4036504
3440387
3256144
3382741
4506168
1177988
4042593
2784930
3866304
1403804
3283662
3428324
4054949
4452580
3719287
2500165
2672601
4417976
3467212
3164614
2944164
1831719
3706760
4154660
4383920
3134068
3913579
4482034
555539
3073879
4415313
3898484
2481497
2806282
3635520
4477613
3894740
3426532
3305424
2646281
1865046
3389386
1241504
3619439
3629845
2949843
3867191
1821046
3017551
3686733
4452660
2670282
4146093
3205269
4100819
3851543
3338434
3203103
3062566
2997773
3280938
3494847
3359495
3355598
2697056
2843734
3249157
3057948
3834806
4323032
3073932
4393599
4137060
2836577
3747180
4457844
3694890
3439379
2063796
3879628
3374815
3829911
4309022
3784504
3914213
4015695
3734151
4417578
3549530
4124869
3892176
3726836
3217305
551531
4394457
4157375
4259817
4502911
3975108
3749231
4464601
2844834
2661080
4470654
4062926
4141803
4398503
4159571
4306531
4299431
3315528
2873443
3697954
4112841
3434416
3131252
4241039
3166876
3491398
4365484
3171123
3634455
3936715
3907550
3276513
3560435
3976810
3214889
4009092
2779082
3285573
4142226
3121429
1876217
3120702
4365693
4036300
4192679
4276790
3123651
3178933
3852498
3469525
2928751
4274259
3288078
4442007
3147166
3024296
2413206
3730230
3852787
3791224
3519597
3355887
4302944
3326055
4016586
4425931
3753504
3973228
4412975
3726398
2678155
3480358
2790879
4160854
1964756
4488691
4207805
3470951
3938450
3379035
3857574
3326544
3708958
3998064
3935447
2075486
4275877
3527239
3494084
3412831
4245968
3223050
4332353
3323566
4266617
2943749
3261712
4148446
3396617
3894998
317301
3839928
4466255
3624804
2730746
2929227
4330348
3426489
3616887
3182212
4106866
3372525
4094598
3937324
4246586
3226401
2851113
4243142
3880029
4041047
3250476
3868526
4067512
3440081
3510211
4496678
2949797
4223890
3326523
2965110
3951882
4359099
4133817
3369137
4484814
4018778
4120686
3987073
2358921
3605234
3924188
3798253
3387161
2847380
3741304
3371616
2374990
3511442
4053117
3621881
3627603
4043638
3957024
4247952
2852372
3189873
2621143
3580812
4221891
3796460
3688836
4287345
3329552
4404605
2946312
3315716
3918386
2775942
3877546
1308860
4257092
3176155
3641337
3410420
4081021
2063701
3581150
4159024
3580827
2642717
4002667
3485121
3370649
3091480
3083400
3570446
3441550
3119704
3020728
4478024
3328392
3105101
3408446
2830473
2808764
3061866
3245283
2525634
4299600
3542074
4330457
3401424
3912072
4357185
3567017
2444028
3874163
3870261
3405333
4123944
3237587
2034454
3178438
4239118
4139861
3218884
3091716
2443398
4150949
4431666
4177280
4349188
3108468
3516489
4503463
3069104
1395315
1790950
2944137
4042850
4101702
4379480
3432218
3521677
1929068
2171581
4070603
3738961
3033668
4298900
3990059
2955050
4091532
1797620
4100114
4141274
4450996
3149048
4116493
2816712
4468388
2917173
3368409
3835077
3629208
1950548
4396356
3672136
2821920
3184442
3490756
3812086
4287977
4107866
3437557
1347446
3476820
3098271
3734082
2684104
3840123
3499388
4191889
2679403
2267286
3753477
4244590
3607935
3638311
4055909
3219558
4496399
3286445
3828366
3017596
3664776
3872271
3634048
4422126
4032345
4156402
3827611
3781578
3922749
4023394
4396385
2709255
4375924
3360055
3875483
4066787
4388453
3415423
4209864
3874003
3394315
3848938
4109522
2760726
3059934
3136414
4265756
3448056
3878649
3392818
3290556
2859750
3623635
3199721
3555829
3545838
3218824
3235137
3315430
3478926
3469443
4320484
3082195
2373789
2804596
3169550
3995055
3978658
3923396
3358306
1681474
3533798
4237293
4063810
3146833
3260278
3581600
2647829
3079722
4469821
2994335
4150363
3110615
4324239
3011985
3820922
2949717
4392735
2827387
4011676
3733160
4226306
4441479
2265438
3334623
3209431
3355569
3583662
4417332
3615949
3953747
2610340
3988072
4306509
4384356
4207692
2841640
4393358
4035745
3102718
3691554
4466460
4175626
2694677
4390085
4078240
3729819
3723910
3098591
3270061
3329712
3677915
3495823
3549487
1559630
4016033
3412975
4352895
2877898
3597535
3398025
3782431
3281104
2864215
3734580
2173148
2291561
4270029
4483236
2171396
1874593
3667149
3233218
3637596
3046063
3880035
2944176
3001716
2842255
3815394
3905881
2844069
4390903
4349980
4381708
4409204
3058972
3694859
4477697
3433470
3671283
4085284
3838966
3198803
3907437
4095937
4071346
4310147
2694982
2954295
4204381
4247748
3159969
4244100
3569664
4140012
4409616
4371699
3842989
2883070
3703543
4336936
4290084
3826529
2993662
3422349
3901026
4178208
4381218
3055823
4378934
4031984
3641112
2737197
4212876
3180641
4294673
2744660
3647113
3284524
3579738
4346914
2758718
3896893
3324826
4489016
3080382
3108467
3315563
4383970
2527292
3922164
3074206
3235422
3639075
3765203
4411116
3290976
3402302
4444004
4342093
3680226
3433447
4296918
3564903
3925691
3521006
2964643
3479208
2435516
3382822
4037428
3578776
3531154
4309414
3105382
2443113
3252258
3433913
4014450
3215681
2904733
2896193
4191424
4277003
3013716
2996359
3480702
2788916
4385937
3653056
3608864
3510462
2784334
3986096
2615084
3048548
3309495
3114762
3248187
3948048
4256227
3522581
3359223
3717874
4278915
3465800
3988864
2891856
3198449
3104817
3815411
3527849
2816708
4404347
3751544
3767685
3901284
3145762
2582629
3131294
2377437
4157781
4028271
4163876
4389676
3753637
3782424
3005552
3501357
2808050
1201329
4390259
2739719
3939473
4109791
3846615
1847513
2248207
4330916
3068924
2364761
549171
4378360
2746186
4496705
3474824
3390597
3013089
3178909
3044119
3857301
3443458
4467100
1347503
4502388
3481216
4326912
4284679
3209477
3514216
134484
4384360
3931405
2791215
3718334
3577790
3983378
4337183
3965492
4210626
2850539
4345284
3229498
3733423
4263599
3953491
3804790
3580959
3080257
3388244
3358329
3993922
3425403
4032930
3401895
4221893
3982996
2708351
2951530
4340049
3827499
3717481
3948157
3192749
3655048
3460870
4482181
1964759
3109300
2287289
3347005
3867386
2447287
3079744
1895888
4342033
3472233
2950154
3037374
3137559
2679651
4366542
2628605
2718660
3902938
3691657
3317178
3184947
3238214
3272865
4456048
4468845
4189000
3182922
3792062
4409848
3418498
3424414
3542066
3060089
2872919
2816010
4501846
4141737
3208357
2652253
4125731
2849709
3960606
3828808
2913394
3439892
4130503
4290587
3707033
4396383
4156093
3293634
4125726
3045008
4264973
1687195
4411476
4349982
4125734
2722773
2760871
2774704
3091791
2953918
2860897
3049407
3531176
2258193
3491199
3428110
3102680
4182915
4033644
3580882
4084843
3829668
4014278
4236423
3223037
3567119
3312891
3596310
2828979
2614521
4322841
4047469
3966770
2932691
3316722
2758371
4017677
2754444
3945903
4227906
2267700
3528673
4265265
3316730
3176264
4047622
4389343
4079959
3531909
3820929
3611949
3945918
3517600
3506194
3782717
4188996
4183995
3777519
3999940
3690479
3558407
3942054
3843078
4132091
3184950
3893797
3760612
2908618
2950672
3146978
3553949
2570366
3502158
4227191
3897704
3352090
3509428
3707065
4429137
2736650
4139700
4061723
4487583
4154640
3654263
3419070
3700808
2955047
3090762
3573937
2673514
3916084
4403077
2893162
4199501
3866261
3179972
3547847
3035905
2664833
3894695
2694555
3592818
4052899
3579456
3720258
4005960
4427456
3510172
3558352
4204935
1888707
4080169
4133621
3771953
1618848
2780356
3823174
4146176
3529403
3195363
3174968
4481167
2938586
3661580
2605477
3183063
4159846
3305499
3142073
2798987
3584131
193611
3699447
2699053
4176129
3525057
2962428
3920909
2725035
3328285
3580390
2732594
2335299
3668293
2890697
3335147
3932979
2893156
4423191
3410353
4461928
3810338
3348076
2895586
3011009
3681800
3498369
3927832
3691244
3537175
3291837
2835715
2825229
3031521
3944193
3871826
3980612
2662805
4327621
3871448
2848542
2886346
4169252
2984444
4356138
4446536
3105392
3478200
3661979
4021461
3914940
3173650
2064674
3268618
3776823
2738909
3990556
3640522
4129242
3865653
4406070
3427347
3064581
4259114
4261203
3366963
1557788
3765495
2607522
3790729
3355722
3293857
3080659
1539024
2712959
4424398
2954120
3052307
3468578
3948348
3387162
4029355
4338111
3305590
3526360
3394506
3712054
4113103
4342551
2928008
4118842
4082862
3565264
3060854
3195815
4384352
3022872
4021463
3855430
3521053
3117856
2488362
4332742
3564989
3014970
2928198
2991250
2850332
3684535
3160372
4053969
3935489
4210604
3356071
1810313
4102429
4484983
2696448
3224108
4300421
2268955
4220794
3928311
328443
3274489
3658277
3639107
4007194
4169795
3344847
4353906
3648479
2655090
405832
3858113
3967095
3707915
449733
2648979
3660581
3127752
3238295
3991745
3418304
3905669
4273480
3879625
3182966
3414706
3518125
3928508
3223035
3178628
2678070
4177180
3322566
3482187
3037873
3161984
3987120
3447951
3617222
2722247
4279158
3261186
4128613
3775814
3573841
4287443
3461521
3697952
3060929
3146480
4407426
4159820
3009538
4306493
3250972
3644490
3669927
2268856
3996541
3349542
3882664
2652436
3597583
3931481
4053746
3419730
3993854
2762599
3877205
2965385
3371595
3607978
3806625
3809566
4433489
3623819
3192837
2151957
2743650
3531199
3813703
3660695
3996109
3040708
314469
3504092
2938055
3346780
4325931
3866406
3197150
3639854
2375030
4341281
4131070
3603447
2722711
4501850
3907013
3281277
4335715
4142265
2817646
2651118
3578842
3567093
3183298
4154396
2989941
4285071
2827412
4361755
3575290
4244172
2902737
2561054
3288756
3146418
3633955
2756399
4358657
3698638
3227643
4365538
4440459
3655938
2688081
1950950
3499389
4346950
3256969
2637845
3758299
4223420
2751778
3405318
4389274
3968275
3059760
2330045
4256464
3044749
3576256
2864909
3760804
2246290
4263398
2194783
4213190
2829540
3923765
2911112
3349985
3420927
4381576
4315318
4043741
3177208
3295589
3018166
4137172
4115220
3520108
4036111
4034082
4278326
3585340
4263708
3668187
3916389
2732917
4130351
4075315
4380966
2266735
4432867
4357237
3307749
4009841
3263853
2917035
2744680
2262068
4107730
3022873
3216581
3659078
3215654
3576285
3298717
4351621
4202156
3355600
4091741
2788585
3210991
2966411
3108842
4184795
2710873
2867828
3517537
2803748
3261143
3196588
3065485
3855094
4227661
4161167
4467152
4263530
3133554
3493304
2699552
4176836
4310325
4150875
3003681
4461995
4013086
395736
4256259
4173749
4302596
4359378
3364488
3060110
3101181
4493955
4109726
4256751
2810291
2563006
3643591
4289336
3355996
3126777
3943924
3424102
4405934
3760823
2915925
3875768
3367612
3919173
4482186
3192725
3635026
2543004
3552370
3286848
4236019
3115903
2713245
4457132
4081084
4325840
4045313
3514791
4169440
3533583
4039748
2630935
4174253
3022398
4414131
3180302
2686466
3327330
3018447
4429338
4230839
3018163
3986558
4411989
3283701
4394444
4275255
3673627
4493943
4338792
3508881
4088966
4399213
3429049
4047858
3529323
2665694
4228716
3668208
4199545
3039341
3879610
3424538
549063
1282590
4449536
3662317
3834881
3252797
3001121
4362819
4355469
3189799
4207010
4360380
4148817
3526288
1851959
3443749
2893057
4475513
3162871
2820008
3240815
3020742
3578752
4403949
3185228
3672135
3799575
3245068
3986406
4001042
2943476
2949814
3488241
4213851
3257552
3098100
3085423
2941748
4474540
3846882
3636044
3314597
3567014
3965384
4168797
3355604
3224141
3306753
3962109
3527400
2905195
4504042
3290773
4232587
3589665
3965085
3023298
2853513
3310783
2847715
4339013
4383923
3875568
2248173
3012658
3384336
3981765
3572070
4210263
4287614
4466308
4155825
3908627
4178888
2248577
3958860
3355749
2195451
2576256
4351929
4290679
3405324
4322527
4278872
3213115
3295716
3706221
3841193
3567142
3610822
2697115
3611031
4377328
3382165
3391087
4227254
4114717
3102199
3625959
3185573
4027947
2859372
3549845
3565298
3743767
3896444
3744433
3176154
3379994
3082511
3598991
3913781
3475448
3596362
2805620
1397871
3071361
4003541
3504413
4490518
4409391
4372305
4297454
4223158
3909234
3270104
3024863
3571201
4288187
4137091
3668624
2928758
4413188
1989141
4187195
2797603
3839595
3412635
2586367
3154476
507878
524493
3653104
3628519
406495
4158274
4033983
2884019
3872044
3460628
2890537
1261164
3794382
2958744
2569026
4236002
3923051
3790011
3142219
2396414
3828620
3836707
3464886
3612043
3102056
2493521
3414384
3218854
3264615
3222630
2891586
3287206
3543610
3507197
1851022
2990007
2944823
3671202
1630689
2408969
2788373
2709479
1160217
4308848
128901
4296419
3712896
3310747
1199585
2988785
3478156
2775125
3545272
1764475
2425477
3027188
3894221
4192695
1458320
2151079
4161514
3076726
3150407
4027812
3868920
317363
3342947
2768984
3324375
1940027
4070608
3050680
3227407
4409812
3574042
4059944
4179493
4401218
3776618
545601
4100115
1802013
4026716
3489783
3141672
3171475
3110572
3709824
4246469
1617129
2791053
1779593
3002356
1283539
4452799
1933457
2374897
3442842
3448659
2857893
3838388
2872663
3235115
2941759
3380070
3745578
3747514
2323305
4325332
2275231
3613684
4304718
4390882
3861405
2830991
3515877
3857534
3931630
2770070
4491697
3850410
4053780
2708929
4488667
2904315
4046017
4404319
2917430
3918151
3507812
4272812
4214179
3105014
4183927
3923297
4299515
4377510
3897609
3432774
2997007
1891292
3641322
2847700
4469085
4006922
4326371
4209244
2926779
3102703
4446344
3463352
4235405
3180180
3020972
2688272
4314466
4435075
3935958
3950492
2817689
2564732
4059961
2964297
4262938
3285179
2213620
3842845
4218817
3337320
2206060
1559632
3940611
4165403
4427618
3963450
3130151
3069448
517948
3784684
4325542
3980280
1431701
3531129
3608085
3927952
3560244
3036668
3899227
3090009
3113675
3492226
2800846
3188796
4197254
4086064
3818818
4123093
3213217
1794557
2628641
4159027
3322157
4141738
4170646
2892459
4158095
2711621
4101501
4172073
3607800
3549975
3265946
3730400
2374782
3824194
3829102
3846465
3972672
2865264
4036507
4128257
3000425
3710087
2686753
4325833
3355907
4231465
4354423
4266776
3411791
3069965
4050725
4144329
3258169
4481930
4292549
3225334
4186791
2811198
3829196
4314935
4490420
4021133
4284691
3507203
3440374
4046519
2807855
4259421
4264864
4002318
2852671
3879290
4053998
2936296
4209828
3597506
4293489
3467219
3730319
3787769
3315295
3237543
3178793
4123095
2995047
3726316
4108401
3170341
2787533
3039859
4331137
3202818
3206854
3364743
2386158
481082
3682881
4094278
4423819
2887948
3153662
3148623
554113
3388829
3904584
3151224
3395635
2386802
2867805
2882924
4277393
4405938
4278327
2373781
2885305
4145326
3930742
2990769
3224550
4172882
3510044
4181108
3527548
3953217
2674803
3482155
3610942
3390402
3690481
3248184
2753613
3125752
3827302
3428636
2238930
3012047
3660578
3869494
3573130
2118452
3899606
4147158
3167834
2374717
2848636
3155372
2533353
4036536
2675909
3789771
4482290
2064796
272938
1592253
4053744
4320819
4006040
3986667
2758874
2241642
3202493
3534220
2216428
1892543
4297951
1876803
3789973
3779239
3232531
4409701
4342183
4428276
2714591
3787670
4382850
4049406
2780298
4132373
4390271
3585401
3735631
2697999
3538075
3324350
3924350
3888386
3295397
3465532
4115266
3669245
4359783
4303887
3986721
4128227
4145901
2912872
3475453
3661996
4281710
2854156
3494098
4029079
3001439
2873822
3680465
3626687
3793933
2563032
555937
4317646
3659622
3109350
1087474
3708790
4077593
3747205
3957475
2359764
3975345
2674065
3590155
3398472
4041786
1208945
4445325
3747318
1847503
2447430
2900271
2890563
4238966
4322580
4429625
2904735
2039739
3930575
4323545
3348526
3022525
3914182
3931302
4166897
3133883
4199781
4359004
2981879
2824489
2705854
3155912
4131143
4183994
3670738
3674307
3371342
2891978
3245017
4236732
4132723
3829121
3423942
3108236
3108300
3394938
3561181
4039088
3001070
3382146
4363943
3393663
2782265
4439169
3652486
3817402
3852000
3026671
4216103
3226395
4162154
4194125
3494187
4415409
2374702
3751776
4226663
3141663
2888570
3624511
3745569
2767370
2871738
509306
3797733
3905700
3404970
2045682
3517595
2853114
4376047
3771410
4220977
3261101
3545191
2815770
3162926
3576868
3494873
2990745
3039800
2963615
3505178
3492042
4413644
3241408
4105126
2679645
3069069
4256294
2797623
3553487
4179489
3920557
3380194
3632109
2867931
4390187
3280929
4120806
3913773
4231286
3013790
3217020
3812159
3080792
3952155
4331700
4083110
4300513
3239364
3228730
3962149
3964959
2698848
4440400
3410880
3896800
3046982
3135505
4109852
3235418
4176330
3879233
2756345
3770329
3995762
4253419
2744999
3240900
4234496
3597132
3411491
2950142
3625197
3326326
3343101
4339879
4092224
3098594
3330238
3642104
3074143
2709625
2907697
3445597
3515772
2937898
3454385
3251601
4061531
3064588
2917428
3017792
3418853
3716532
2852384
3604761
4288329
2973933
4427981
4108358
2259411
2880970
3535371
3353160
2997345
4168798
3171667
3111878
2447285
3749517
2791446
4212834
4009765
2753364
2686584
4087127
3184969
3060650
4298029
4059771
4462110
3814290
4357223
4331441
4064534
3045954
3810591
3405428
3092090
3395667
3521997
3372295
3579733
2231380
4406143
3373563
3081083
3229612
3270307
4099483
4026413
3490414
3514703
1941749
1784112
3548711
4244175
4141621
2335306
3549716
4172931
4229320
2642934
2131760
1781473
4429342
1976427
2762058
4332154
1950589
1790715
4177614
1976336
2900265
1911201
3928442
3640925
3724922
4322990
3543448
3470933
3781543
4289922
3561137
4015419
4224336
1839891
4161327
3581582
4367926
4349606
3144386
4038255
4427657
4308650
3349252
3968515
3622926
3558191
3254596
4176851
4100200
4446950
4269072
3541140
4459083
2359828
3917458
3035446
3708292
4422259
3720582
4309023
3302757
2397525
4385858
3285217
3714274
3296651
4194045
3167781
4178213
3618452
3044168
3223008
4256813
4004592
3906116
4064311
4320158
4289199
3798325
3162744
4490253
3558500
2989769
2663038
4163843
3236209
4474576
4342252
4169857
3911953
2855118
4227741
4027191
3276088
2925370
4490422
3019228
4259488
3479176
3169512
4333349
3120638
2909200
4409072
4330640
2629768
3541116
3570798
4428447
2447378
2733140
2877097
4372035
3308678
3256209
3265957
4031385
3380908
3181899
3078861
4270764
3470074
3418265
3218052
2788525
2982113
3353115
4146602
3738919
3699587
4282331
3118986
4073595
4402510
2292704
3712731
3908890
3698092
3584848
3261702
4100159
3937096
4041457
3024417
2762057
4323785
3446998
3972653
3581612
3460786
4160167
3580420
3962122
3222671
3406994
3061053
4325922
2896187
3128942
2670322
4446433
3561264
4113735
3368770
3755261
3533754
3087111
3765434
2759957
3676415
3038874
3068697
3613695
3988174
2955640
3998935
4006027
3174187
3182075
4098886
4272985
3921076
4367906
4253137
3797521
2686464
3705362
3264924
4028253
4280166
3422687
3440592
3823874
3887242
3506908
3636696
4372824
3166285
3528734
3468436
4332345
4199688
2798157
2935562
4098123
3602030
3723494
2824752
3299691
3747057
3961396
2957762
3901117
3367210
3797045
4356562
4349163
3137596
2954821
2883068
2945010
4373352
3170602
2860244
2837038
3198806
3405425
2787495
3432772
1160224
2795394
3037409
2789050
2243107
2691841
2291057
3295783
2447257
3414820
3124495
3761222
2854534
2255029
4047105
2878342
3263465
3857619
3631164
3845609
2709938
2781804
4246676
4033770
4369283
4102538
4050055
2896660
3545927
3819008
2719727
4010393
3576269
2727914
2486481
3996120
4446436
3245127
3689682
3395720
2639726
4265501
4231737
4103810
3907366
4256507
3756857
4205090
3857288
3012735
3465335
3386258
4350121
2375114
1831773
3198093
2447041
3656101
4496387
4272565
3441465
3285589
3234185
4108056
3141063
3152342
3950621
2459189
3537874
3546714
3760641
3404710
3204159
1479345
3050808
3105428
2794290
4246458
3184067
4003812
4070555
2737544
3679988
2765452
4379099
3342661
4428431
2447229
2586137
3900632
2263065
2912355
2930667
2768174
2758671
2672172
2710869
2832231
3703255
4453867
2557557
2810376
3111486
3044716
1145136
3730338
2447212
3071500
3651720
4341119
4292445
3625720
3599284
3658982
1802743
4425499
3779231
4279000
1764415
4455778
2175520
3525101
1242058
1347523
3964993
2172103
4424393
3267696
3823662
2830191
3814156
1914285
4283652
4107325
2912648
3781321
2447506
3222637
1241073
1523217
2687788
1479377
2098778
2806042
1297498
540093
1199594
545797
3638394
1241956
2064085
3908947
1988855
2106364
3954768
2064744
1160270
2447467
4229876
4312595
1839897
1241280
2064621
4228929
3564266
4489114
3506837
3500252
1697755
1665460
4369647
2774702
2743642
2395628
3578726
3423437
4057286
4017362
2965086
3875557
2533028
4226739
4467132
3308963
3253775
3523070
3794607
4362409
3297529
3727179
2689189
3827083
3645728
4018355
3225034
4153020
3494382
3193020
3745552
3655892
3800984
4075472
3822785
3985734
3241654
3129016
3510494
3705208
3852782
3290645
3149148
3832926
4270898
4105308
4203832
3591445
3695321
2790831
3738847
4194108
3442837
4032941
4026699
3812659
4343068
2881912
4179342
3583065
3383722
4030627
3621617
3538123
4263456
3561281
3842991
3378878
4050651
3394258
4046068
3170276
4348106
4359005
3229583
3919619
3567180
3500689
3834529
4013820
4401249
2814829
2772989
2567982
3693082
3798467
4349611
3483616
3700829
3868052
2914764
2820527
3361069
4051986
3828128
2779242
4436777
3410520
4373087
4194051
3492911
3590228
4429550
3130287
4466629
3661340
3126716
4294682
2772864
3796775
3039688
3048384
3822691
3342095
3464683
3966845
3932549
4378997
3578902
3169474
4197679
4118601
3356035
3026809
4279162
3951250
3751301
2788393
4447969
2928279
3705379
3985667
4048457
4102416
3725900
3307333
3377689
4029070
4503712
2245950
3262025
3140994
3156954
3491891
3552361
2440559
3258170
4350014
3936752
4213475
4171599
3870300
3707171
2556347
4158683
3333777
4129499
4131498
4029022
2254585
4387925
4313699
3699522
3603240
4177547
3722569
4232335
4041466
1463002
4245930
4072699
4408588
4200817
3553984
3805903
3739749
2905198
3319590
3089989
3472984
2732595
395771
3173246
4049617
4284756
3829461
3861081
4255800
1479845
4103836
3875448
1557856
3652521
3944459
3592197
4284777
4078013
4112214
3734363
3999189
4303886
2726148
2855702
4484488
1561585
3564541
1950094
3255970
4252027
4301743
3798379
4150788
2559854
3953413
4276913
4106637
1797416
1297582
3648516
1939999
3066130
2612029
3098284
4229854
4059279
3966780
4107778
3733777
4046681
2527518
4291474
4192676
3471382
3708725
3792192
3479210
2696470
3663805
3102197
3747073
3994408
3962151
4243690
4033044
3479211
4231747
2764422
3285092
3178575
3595028
3663196
3712720
3759954
3998873
3063132
4019879
3267156
4181878
3169580
4161508
2848195
2824729
3662700
4215795
3878681
3931328
3672798
3566905
3234237
4424979
4342795
4033073
4010505
3371417
3582444
2507709
3415447
2698318
4200803
3364177
4028079
3153206
3337246
3805877
3473371
3355615
3021870
3248568
4498937
3305300
3355077
4236724
4264763
4475381
3915128
4475545
4191887
3778019
2563692
4177907
3961179
2268956
2702331
3254618
3441713
3352848
4481166
4368090
3766822
4144778
3570109
2830184
4160219
4039222
3013707
4156082
3125583
3156770
4026637
4028987
3013141
2972751
3777982
3908282
3080606
3365368
2577666
3391182
3555707
3350147
3436854
4406675
3516024
3495651
3385985
4219781
2680896
2949745
4157743
4194039
3995210
2912345
3045333
4355353
3931570
3157345
3426786
3160334
3487866
3659569
3279387
3922830
3972674
3801148
4330911
3760442
3656345
3068995
2615626
3780347
2988702
3159477
3731203
3893158
2784303
3994062
3764060
2894972
3729371
3799456
3719019
4117417
3084228
3110493
3909081
4255907
3994273
3988522
4400391
4449550
2311291
3012175
4216870
4255553
3322338
3756917
3748289
2872912
3500829
3164655
3317850
3197621
2896726
2442844
3226309
2778955
2631587
3953815
4060950
3661543
4011682
4113751
3985658
3151483
4439940
4287103
3477628
3383753
3618304
4378006
4340400
3188285
2268938
2916883
3230576
2533349
3069106
2408616
2732622
4035072
3529353
4063227
3466004
3880439
3681735
3350924
3237444
3063137
3771879
3408417
3393353
3446347
4464871
4468331
3138430
4405277
3436198
4421866
3088657
3049139
3436820
3425550
3380921
3210013
4271699
4199509
4276291
3353982
4077228
2854683
4319737
4411044
3823207
3867660
3788345
2533023
3562205
3733802
3160293
3201858
3084671
3083390
2936755
3424136
4435240
4113803
3990729
3930583
3961655
3848764
2993727
3514235
2426940
3535535
3484058
3006139
3561323
3814404
3828801
3763455
3572039
2743287
4468371
2761286
3224542
3050824
3498062
3170171
2848557
3546612
3392075
2829989
2702823
4463806
3013754
2834696
3123316
2808238
3053343
3669351
4272543
4512094
2409336
3013748
2994655
2900289
2840034
2852657
2733748
2635482
3769332
4382932
1326245
4111847
1182394
1828050
4421989
1183189
1334216
138871
1074718
1853114
343282
4324157
4342880
4008262
3068080
3403918
4046761
4464704
183836
1976556
1867955
4411499
4263087
1693888
1331979
2140154
1559651
1526461
549397
1156866
2220009
1941753
1988812
1794587
1865003
2031878
1892047
1950886
1189734
1877806
4066658
2175282
1854916
1976333
1472246
4117984
4410587
3937146
4411486
4411479
3546426
4197698
3460767
3501726
2807442
4213008
4021103
2830189
4454753
4320540
4190578
4357839
4300042
4115480
2856554
4404951
3112060
3474960
3234257
3536581
4432814
3680326
4110520
3734092
4335977
4053848
3516471
4460250
3874763
3479022
4053772
2880973
4021575
4399325
4260148
3439422
4079625
4111849
4051169
3751352
3621838
4437458
3840609
4365723
4281178
4480732
4261833
4159510
4023593
3439312
2989983
4224480
3091695
3284002
4256492
3866925
2644174
4064156
3102218
4132336
3361502
4456382
4479701
4228421
2851587
4488510
4057083
2826316
1474054
2257939
4289375
4187325
4110789
2811131
3492191
4390263
4216107
2329646
4081019
2958625
3152336
3922782
3849585
4231161
2901091
3524218
3352258
3424145
2800231
3927889
4046671
3315713
2716299
3575844
4242567
4416792
3994432
3701697
3924344
3938764
3981572
3868569
3819675
2956735
3585261
3817400
3976971
3022910
4499939
3644240
3670131
2440553
3948071
2853462
2867825
4181829
2576331
4490798
3856148
3616918
4506605
4089023
4159695
2758898
2702316
2848651
4232046
2858725
3861164
3702609
2764106
4193338
3573043
4447259
2481432
4253807
4285178
3985963
4388270
2794292
3277317
4130584
3837032
4061849
3321022
3446373
4053941
3635940
3861252
4482414
4453011
4380406
2993927
4451362
4326531
2996932
4114745
2713237
3514029
4147925
3817732
3593211
3721222
3262769
3785458
4150783
2681412
4021726
3061892
4392878
4255684
4453557
3622177
3707919
4167548
2917033
2668170
2684547
3458557
4425483
2860764
4195562
2835674
2999471
2739207
3539921
2808244
3246468
2900298
4345914
3162519
3882661
2706894
2678157
4002427
4096730
3923661
3912507
4259465
4200123
2531187
4434171
2809080
2607255
2712453
3598193
3069113
4401517
4291147
3325205
3169925
2223070
3688787
317362
4267620
3554230
2596145
3458939
3419132
3638822
3431584
3017592
3829151
2909215
4383249
3188499
4329809
4288710
3424552
3296741
3189813
3332163
3320591
3182166
3441733
4069005
3594732
3459874
2270826
2390572
3072388
3010689
3162608
3490965
4200351
3983036
4152356
2788357
4506155
4149410
4303303
3434067
3583859
3160408
2867299
4458873
4427291
4325846
3485290
3362647
3338536
3798292
3814066
3666947
3315815
2478660
2672098
3212813
4491683
3191125
3674239
3674258
3653356
3628902
3887058
4488739
2882754
2999941
2909931
3536726
3384566
3144903
3822904
3329446
1839127
2275077
3162560
3117885
2907290
4493779
2851115
3010081
2959075
2824662
3051338
2265639
3885921
3916255
3751108
3524317
1550239
3820534
3271347
3130175
4109389
4480278
4477658
4301800
1779532
3605102
2823706
4243195
4374384
4070551
2000972
4320431
4289400
3542797
2020476
3688793
4094885
1929080
3546934
4110006
2668623
535938
1065315
3505485
1831481
543454
1939830
3397137
3129676
3048368
3263450
1435936
4276962
248469
3141670
1853099
2064912
1832192
2219991
3563468
1190215
3025028
2373902
2335308
1540706
3193008
4441115
4015751
4349797
4309181
3382372
4388702
4287575
4233942
3282070
4496712
4360817
3914796
3269938
3026763
3682187
4429430
3365120
3911967
4279952
4372037
4318527
3492700
2704936
4028999
3747764
4061919
4162548
3278826
3637650
3551837
3926823
3606461
3552693
4332724
4203141
4117186
4379552
2975419
4463008
3417661
4260505
4339684
3886391
4411966
3350524
4264754
3822721
3169508
3864799
3822682
4057170
3580966
4467159
4279962
4433352
3799759
4172640
4076870
4112924
4101433
3418576
3745721
4412017
4402547
3516228
4294471
3507003
3169531
4309669
3776808
4497376
4394510
4227213
4259990
3627566
3407224
2735650
3300016
3238178
4276959
3798809
3798307
4156994
3946479
4356366
3091672
2920075
2853526
3277902
4413004
4394509
3205268
3134339
3500046
3536586
3325080
3355511
3680184
3612034
2895629
3224482
3245461
4259112
3894702
3837317
3476450
3919015
3636026
2720973
4132552
3298278
3355759
4143229
4050529
4297879
3986561
4286000
2928729
4474416
4175314
4019494
3989178
3778396
3738481
3317919
3507177
4446364
4391141
3542316
4175465
4142864
3880997
4438513
3828409
3534598
4231035
4230596
3916417
2579429
2438345
2697656
4507007
3338678
2270853
3878362
3700245
4036074
3017835
3471081
3253786
3814332
3236216
3109292
3744418
3608645
3425091
3436796
2654147
3962217
2806592
2702408
3220680
4412017
4402547
3516228
4294471
3507003
3169531
4309669
3776808
4497376
4394510
4227213
4259990
3627566
3407224
2735650
3300016
3238178
4276959
3798809
3798307
4156994
3946479
4356366
3091672
2920075
2853526
3277902
4413004
4394509
3205268
3134339
3500046
3536586
3325080
3355511
3680184
3612034
2895629
3224482
3245461
4259112
3894702
3837317
3476450
3919015
3636026
2720973
4132552
3298278
3355759
4143229
4050529
4297879
3986561
4286000
2928729
4474416
4175314
4019494
3989178
3778396
3738481
3317919
3507177
4446364
4391141
3542316
4175465
4142864
3880997
4438513
3828409
3534598
4231035
4230596
3916417
2579429
2438345
2697656
4507007
3338678
2270853
3878362
3700245
4036074
3017835
3471081
3253786
3814332
3236216
3109292
3744418
3608645
3425091
3436796
2654147
3962217
2806592
2702408
3220680
3136934
3090418
4172914
4121267
4045579
3526858
3328357
2966423
4354410
2775947
3431941
3338528
3863539
3646272
3608489
2810875
3079594
4211541
4210226
3930015
2995072
4494069
4316775
4284226
3677938
2865465
3769148
3304402
3193821
3296464
3223726
4436518
4285867
4341237
3868466
3700934
2525499
3411818
3499158
3308701
3355763
3245038
3232215
3131607
3071313
2717711
2646137
3984130
3734127
3652727
3167825
3908344
3799976
3547925
2288786
4326433
4217733
4133951
4057318
4029002
3896419
3904240
2948500
3095313
2915993
2758138
2666642
3264613
2982109
4125143
4206713
4022644
4046791
3929663
3916363
3760809
3691553
3653108
3601325
3531226
4417530
4116336
4055851
3928032
2949399
2928292
4486844
4231113
4438317
3120819
2751776
3518224
3510016
3486813
4382971
3146886
3291832
3076238
3044677
3953348
3874165
3736891
3503969
3563491
3468890
3264655
2761287
3840459
3490713
3414458
3488210
3422170
3312351
3289599
3022733
3022406
3267701
3814307
3695840
3977659
3602026
3572007
3598422
3558384
3460173
2729748
2915980
3229271
3050876
4275033
4245593
4195830
4183483
4016746
4131146
3897872
2395236
3823604
4307246
4227524
4140635
4011514
3926955
3893316
3249439
3146488
3080288
4440643
4404912
4378632
4452257
4480692
4324429
4303138
4285911
3525598
3488331
3369187
3345938
2778590
2703949
3241215
3044740
2879514
2907315
3258183
2845271
4511542
4504101
4478640
4401550
4495369
4423528
4425014
4345312
3510086
3836740
3811995
3692057
3594985
3004842
2875017
3489896
2984119
138846
3937838
3813918
3852388
3826145
3848769
3794575
3656896
3623810
3638836
3602010
3751898
2695806
3167273
4271551
4249712
4264168
4199980
4081738
4071476
4195540
3995230
3923048
3895871
2556085
3164695
3102686
3101218
4274882
4184787
4231743
4161518
4138392
4064532
4098955
4052287
4056618
3983269
4202716
3938579
3898331
3879368
3005916
3083713
3020916
3495678
2654799
2881379
2880287
3072321
3062932
2613145
4411481
4374719
4377901
4301595
3230629
3168772
3062556
3457969
3325989
3342871
3796546
3751259
3737538
3635210
2570367
4488741
4425432
4322525
3877225
3842652
3796543
3785499
3754886
3724125
3714250
3659308
3683156
3614522
2962426
2902486
2791866
2770040
2695463
2687452
2615221
3181828
3149278
3132430
3922662
3080398
3062615
3058043
4216463
4253957
4231077
4159884
4335397
4013096
4071839
3965405
3953334
3986534
3909180
2760138
3003819
2943622
2752994
2654156
3510039
3509946
3507755
3418274
3384090
3381216
3283593
4350114
3135584
3094209
3063196
4281235
4216109
4289021
4195698
4177555
4103484
4117472
4170620
4132182
4100140
4136699
4022462
3991636
4059258
4027194
3893172
2686459
2559884
3536570
3556503
3485029
3445457
3424167
3359992
3322341
3799634
3767830
3756969
3780529
3712306
3653863
3866873
3628507
3620351
3596294
3853873
3153180
3873693
3827283
4371642
3796545
3831114
4133878
3730411
3695960
3694164
3668751
3612037
3577735
3220077
3228677
3203470
3112328
2567985
2140262
2788385
3019013
2749441
2761377
3001953
2837386
2572634
3273812
3164149
3150262
3134562
3022893
3567243
3520850
3446993
3482291
3348937
3385230
3315474
3281028
3298004
2794172
2726613
4030881
3468883
3432370
3411787
3399511
3388584
3371864
3406662
3397496
3367974
3428962
3465781
3351419
3531618
2647287
2552378
2529008
2650625
3025432
3003805
2873392
2896523
2245903
2770470
2724703
2720228
3679172
2735971
3164463
3125160
3093324
3049774
3224426
3179327
2920320
2902438
2860497
2802286
2694561
2613257
3177862
3138737
3102116
3093325
3086907
3044681
3038849
3105421
3105402
3032770
3020919
2265467
2684226
2836469
2841426
2764430
2686711
2691837
2652390
2660875
2939883
3179315
2849806
2440555
2613229
2682506
2654340
2632862
3034180
3040474
3837332
2883936
2877722
2632916
2265735
2709568
2662488
2600738
2563687
2398734
2270910
2377432
4077731
1906773
1538873
2798940
1173080
101226
1414110
1702493
1924875
1449908
1939716
1775043
1297593
549540
2020489
2675483
1963338
416462
2375300
2375349
2771128
546166
1253839
1175975
2063861
1762088
2808601
2065803
1971058
2064518
1974797
1557675
2131756
2211495
3181666
2064395
1660549
1156890
2171809
1526599
3351446
1073692
1790865
517825
1215514
1564158
3661659
3667038
2842432
3968057
3376144
3984161
3723827
4277299
3834996
3411652
3420947
3419228
3940944
3499479
4144846
3563628
2676506
2553666
3012720
3942430
4013085
3714255
3905921
4055773
4353904
3206016
3953070
3689694
3365040
4467395
3898810
4209374
4016004
3262810
3045367
3465276
3925076
3469658
4022787
3475691
4496143
4118872
3271019
3078936
3140968
4201543
3946611
3140469
3748955
3463566
3983204
3032731
3614472
3196589
3738538
2563038
3153485
3903541
3006391
2427367
